(36,28,237)  (36,28,237)  (36,28,237)  (36,28,237)  (36,28,237)  (36,28,237)  (36,28,237)  (36,28,237)  (36,28,237)  (36,28,237)  (36,28,237)  (36,28,237)  (36,28,237)  (36,28,237)  (36,28,237)  (36,28,237)  (36,28,237)  (36,28,237)  
(36,28,237)  (36,28,237)  (36,28,237)  (36,28,237)  (36,28,237)  (36,28,237)  (36,28,237)  (36,28,237)  (36,28,237)  (36,28,237)  (36,28,237)  (36,28,237)  (36,28,237)  (36,28,237)  (36,28,237)  (36,28,237)  (36,28,237)  (36,28,237)  
(0,126,255)  (0,126,255)  (0,126,255)  (0,126,255)  (0,126,255)  (0,126,255)  (0,126,255)  (0,126,255)  (0,126,255)  (0,126,255)  (0,126,255)  (0,126,255)  (0,126,255)  (0,126,255)  (0,126,255)  (0,126,255)  (0,126,255)  (0,126,255)  
(0,126,255)  (0,126,255)  (0,126,255)  (0,126,255)  (0,126,255)  (0,126,255)  (0,126,255)  (0,126,255)  (0,126,255)  (0,126,255)  (0,126,255)  (0,126,255)  (0,126,255)  (0,126,255)  (0,126,255)  (0,126,255)  (0,126,255)  (0,126,255)  
(0,242,255)  (0,242,255)  (0,242,255)  (0,242,255)  (0,242,255)  (0,242,255)  (0,242,255)  (0,242,255)  (0,242,255)  (0,242,255)  (0,242,255)  (0,242,255)  (0,242,255)  (0,242,255)  (0,242,255)  (0,242,255)  (0,242,255)  (0,242,255)  
(0,242,255)  (0,242,255)  (0,242,255)  (0,242,255)  (0,242,255)  (0,242,255)  (0,242,255)  (0,242,255)  (0,242,255)  (0,242,255)  (0,242,255)  (0,242,255)  (0,242,255)  (0,242,255)  (0,242,255)  (0,242,255)  (0,242,255)  (0,242,255)  
(0,126,255)  (0,126,255)  (0,126,255)  (0,126,255)  (0,126,255)  (0,126,255)  (0,126,255)  (0,126,255)  (0,126,255)  (0,126,255)  (0,126,255)  (0,126,255)  (0,126,255)  (0,126,255)  (0,126,255)  (0,126,255)  (0,242,255)  (0,242,255)  
(0,242,255)  (0,242,255)  (0,242,255)  (0,242,255)  (0,242,255)  (0,242,255)  (0,242,255)  (0,242,255)  (0,242,255)  (0,242,255)  (0,242,255)  (0,242,255)  (0,242,255)  (0,242,255)  (0,242,255)  (0,242,255)  (0,242,255)  (0,242,255)  
(0,242,255)  (0,242,255)  (0,242,255)  (0,242,255)  (0,242,255)  (0,242,255)  (0,242,255)  (0,242,255)  (0,242,255)  (0,242,255)  (0,242,255)  (0,242,255)  (0,242,255)  (0,242,255)  (0,242,255)  (0,242,255)  (76,177,34)  (76,177,34)  
(76,177,34)  (76,177,34)  (76,177,34)  (76,177,34)  (76,177,34)  (76,177,34)  (0,126,255)  (0,126,255)  (0,126,255)  (0,126,255)  (0,242,255)  (0,242,255)  (76,177,34)  (76,177,34)  (76,177,34)  (76,177,34)  (76,177,34)  (76,177,34)  
(76,177,34)  (76,177,34)  (76,177,34)  (76,177,34)  (76,177,34)  (76,177,34)  (0,242,255)  (0,242,255)  (0,242,255)  (0,242,255)  (0,242,255)  (0,242,255)  (76,177,34)  (76,177,34)  (76,177,34)  (76,177,34)  (76,177,34)  (76,177,34)  
(239,183,0)  (239,183,0)  (239,183,0)  (239,183,0)  (239,183,0)  (239,183,0)  (0,242,255)  (0,242,255)  (0,242,255)  (0,242,255)  (76,177,34)  (76,177,34)  (239,183,0)  (239,183,0)  (239,183,0)  (239,183,0)  (239,183,0)  (239,183,0)  
(76,177,34)  (76,177,34)  (76,177,34)  (76,177,34)  (76,177,34)  (76,177,34)  (76,177,34)  (76,177,34)  (76,177,34)  (76,177,34)  (76,177,34)  (76,177,34)  (76,177,34)  (76,177,34)  (76,177,34)  (76,177,34)  (76,177,34)  (76,177,34)  
(76,177,34)  (76,177,34)  (76,177,34)  (76,177,34)  (76,177,34)  (76,177,34)  (76,177,34)  (76,177,34)  (76,177,34)  (76,177,34)  (76,177,34)  (76,177,34)  (76,177,34)  (76,177,34)  (76,177,34)  (76,177,34)  (239,183,0)  (239,183,0)  
(239,183,0)  (239,183,0)  (239,183,0)  (239,183,0)  (239,183,0)  (239,183,0)  (239,183,0)  (239,183,0)  (239,183,0)  (239,183,0)  (239,183,0)  (239,183,0)  (239,183,0)  (239,183,0)  (239,183,0)  (239,183,0)  (239,183,0)  (239,183,0)  
(239,183,0)  (239,183,0)  (239,183,0)  (239,183,0)  (239,183,0)  (239,183,0)  (239,183,0)  (239,183,0)  (239,183,0)  (239,183,0)  (239,183,0)  (239,183,0)  (239,183,0)  (239,183,0)  (239,183,0)  (239,183,0)  (239,183,0)  (239,183,0)  
(213,165,181)  (213,165,181)  (213,165,181)  (213,165,181)  (213,165,181)  (213,165,181)  (213,165,181)  (213,165,181)  (213,165,181)  (213,165,181)  (213,165,181)  (213,165,181)  (213,165,181)  (213,165,181)  (213,165,181)  (213,165,181)  (213,165,181)  (213,165,181)  
(213,165,181)  (213,165,181)  (213,165,181)  (213,165,181)  (213,165,181)  (213,165,181)  (213,165,181)  (213,165,181)  (213,165,181)  (213,165,181)  (213,165,181)  (213,165,181)  (213,165,181)  (213,165,181)  (213,165,181)  (213,165,181)  (213,165,181)  (213,165,181)  
